2199603
2199604
2199605
2199606
2199607
2199608
2199609
2199610
2199611
2199612
2199613
2199614
2199615
2199616
2199617
2199618
2199619
2199620
2199621
2199622
2199623
2199624
2199625
2199626
2199627
2199628
2199629
2201149
2199630
2199631
2199632
2199633
2199634
2199635
2199636
2199637
2199638
2199639
2199640
2199641
2199642
2199643
2199644
2199718
2199645
2199646
2199647
2199648
2199649
2199650
2199651
2199652
2199653
2199654
2199655
2199656
2199705
2199657
2199658
2199659
2199660
2199661
2199662
2199663
2199664
2199665
2199772
2199666
2199667
2199668
2199669
2199670
2199671
2199672
2199673
2199674
2199675
2199676
2199677
2199678
2199679
2199681
2199682
2199683
2199684
2199685
2199686
2199687
2199688
2199689
2199690
2199691
2199692
2199693
2199694
2199695
2199696
2199697
2199698
2199700
2199701
2199702
2199703
2199704
2199706
2199707
2199708
2199709
2199710
2199711
2199712
2199713
2199714
2199715
2199716
2199717
2199719
2199720
2199721
2199722
2199723
2199724
2199725
2199726
2199727
2199728
2199729
2199730
2199731
2199732
2199817
2199733
2199734
2199735
2199736
2199737
2199738
2199739
2199740
2199741
2199742
2199743
2199744
2199745
2199746
2199747
2199748
2199749
2199750
2199751
2199752
2199753
2199754
2199755
2199756
2199757
2199758
2199759
2199760
2199761
2199762
2199763
2199764
2199765
2199766
2199767
2199768
2199769
2199770
2199771
2199773
2199774
2199775
2199776
2199777
2199778
2199779
2199780
2199781
2199782
2199783
2199784
2199785
2199786
2199787
2199788
2199983
2199789
2199790
2199791
2199792
2199793
2199794
2199795
2199796
2199797
2199799
2199800
2199829
2199801
2199802
2199803
2199804
2199805
2199806
2199807
2199808
2199809
2199810
2199811
2199812
2199813
2199814
2199815
2199816
2199818
2199819
2199820
2199821
2199822
2199823
2199824
2199825
2199826
2199827
2199828
2199831
2199832
2199833
2199834
2199835
2199836
2199837
2199838
2199839
2199840
2199841
2199842
2199843
2199844
2199872
2199873
2199845
2199846
2199847
2199848
2199849
2199850
2199851
2199852
2199853
2199854
2199855
2199856
2199857
2199858
2199859
2199860
2199861
2199862
2199863
2199864
2199865
2199866
2199867
2199868
2199869
2199870
2199871
2199874
2199875
2199876
2199877
2199878
2199879
2199880
2199881
2199882
2199883
2199884
2199885
2199886
2199887
2199888
2199889
2199890
2199891
2199892
2199893
2199894
2199895
2199896
2199897
2199898
2199899
2199900
2199901
2199902
2199903
2199904
2199905
2199906
2199907
2199908
2199909
2199910
2199911
2199912
2199913
2199914
2199915
2199916
2199917
2199918
2199919
2199920
2199921
2199922
2199923
2199924
2199925
2199926
2199927
2199928
2199929
2199930
2199931
2199932
2199933
2199934
2199935
2199964
2199936
2199937
2199938
2199939
2199941
2199942
2199943
2199944
2199945
2199946
2199947
2199948
2199949
2199950
2199951
2199952
2199953
2199954
2199955
2199956
2199957
2199958
2199959
2199960
2199961
2199962
2199963
2199965
2199966
2199967
2199968
2199969
2199970
2199971
2199972
2199973
2199974
2199975
2199976
2199977
2199978
2199980
2199981
2199982
2199984
2199985
2199986
2199987
2199988
2199989
2199990
2199991
2199992
2199993
2199994
2199995
2199996
2199997
2199998
2199999
2200000
2200001
2200002
2200003
2200004
2200005
2200006
2200007
2200008
2200009
2200010
2200011
2200012
2200013
2200014
2200015
2200016
2200017
2200018
2200019
2200020
2200021
2200022
2200023
2200024
2200025
2200026
2200027
2200028
2200029
2200030
2200031
2200032
2200033
2200034
2200035
2200036
2200037
2200038
2200039
2200040
2200041
2200042
2200043
2200044
2200045
2200046
2200074
2200047
2200048
2200049
2200050
2200051
2200052
2200053
2200054
2200055
2200056
2200057
2200058
2200059
2200060
2200061
2200062
2200063
2200064
2200065
2200066
2200067
2200068
2200069
2200070
2200071
2200072
2200073
2200075
2200076
2200077
2200078
2200079
2200080
2200081
2200082
2200083
2200084
2200085
2200086
2200087
2200088
2200089
2200090
2200091
2200092
2200093
2200094
2200095
2200096
2200097
2200098
2200099
2200100
2200101
2200102
2200103
2200104
2200105
2200106
2200107
2200108
2200109
2200110
2200111
2200112
2200113
2200114
2200116
2200117
2200118
2200119
2200120
2200121
2200122
2200123
2200124
2200125
2200126
2200127
2200128
2200129
2200130
2200131
2200132
2200133
2200134
2200135
2200136
2200137
2200138
2200139
2200140
2200141
2200142
2200143
2200144
2200145
2200146
2200147
2200148
2200149
2200150
2200151
2200152
2200153
2200154
2200155
2200157
2200158
2200159
2200160
2200161
2200162
2200163
2200164
2200165
2200166
2200167
2200168
2200169
2200170
2200171
2200172
2200173
2200174
2200175
2200176
2200177
2200178
2200179
2200180
2200181
2200182
2200183
2200184
2200185
2200186
2200187
2200188
2200189
2200190
2200191
2200192
2200193
2200194
2200195
2200196
2200197
2200198
2200199
2200200
2200201
2200251
2200202
2200203
2200204
2200205
2200206
2200207
2200208
2200209
2200210
2200211
2200212
2200213
2200214
2200215
2200216
2200217
2200218
2200219
2200221
2200222
2200223
2200224
2200225
2200226
2200227
2200228
2200229
2200253
2200230
2200231
2200232
2200233
2200234
2200235
2200236
2200237
2200238
2200239
2200240
2200241
2200242
2200243
2200244
2200245
2200246
2200247
2200248
2200249
2200250
2200252
2200254
2200255
2200256
2200257
2200258
2200259
2200260
2200261
2200262
2200263
2200264
2200265
2200266
2200267
2200268
2200269
2200270
2200271
2200272
2200273
2200274
2200275
2200276
2200277
2200278
2200279
2200438
2200280
2200281
2200282
2200283
2200284
2200285
2200286
2200287
2200288
2200289
2200290
2200291
2200292
2200294
2200295
2200296
2200297
2200298
2200299
2200300
2200301
2200302
2200303
2200304
2200305
2200306
2200307
2200308
2200309
2200310
2200311
2200312
2200313
2200314
2200315
2200316
2200317
2200318
2200319
2200320
2200321
2200322
2200323
2200324
2200325
2200326
2200327
2200328
2200329
2200330
2200331
2200332
2200333
2200334
2200335
2200336
2200337
2200338
2200339
2200340
2200341
2200342
2200343
2200344
2200345
2200346
2200347
2200348
2200349
2200350
2200351
2200352
2200353
2200354
2200355
2200356
2200357
2200358
2200359
2200360
2200361
2200362
2200363
2200364
2200365
2200366
2200367
2200368
2200369
2200370
2200371
2200372
2200373
2200374
2200375
2200376
2200377
2200378
2200379
2200380
2200381
2200382
2200383
2200384
2200385
2200386
2200387
2200388
2200389
2200390
2200391
2200392
2200393
2200394
2200395
2200396
2200397
2200398
2200399
2200400
2200401
2200402
2200403
2200404
2200405
2200406
2200407
2200408
2200409
2200410
2200411
2200412
2200413
2200414
2200415
2200416
2200417
2200418
2200419
2200420
2200421
2200422
2200423
2200424
2200425
2200426
2200428
2200429
2200430
2200431
2200432
2200433
2200434
2200435
2200436
2200437
2200439
2200440
2200441
2200442
2200443
2200444
2200445
2200446
2200447
2200448
2200449
2200450
2200451
2200452
2200453
2200454
2200455
2200456
2200457
2200458
2200459
2200460
2200461
2200462
2200463
2200464
2200465
2200466
2200467
2200468
2200469
2200470
2200471
2200472
2200473
2200474
2200475
2200476
2200477
2200478
2200479
2200480
2200481
2200482
2200483
2200484
2200485
2200486
2200487
2200488
2200489
2200490
2200491
2200519
2200492
2200493
2200494
2200495
2200496
2200497
2200498
2200499
2200500
2200501
2200502
2200503
2200504
2200505
2200506
2200507
2200508
2200509
2200510
2200511
2200512
2200513
2200514
2200515
2200516
2200517
2200518
2200520
2200521
2200522
2200523
2200524
2200525
2200527
2200528
2200529
2200530
2200531
2200532
2200533
2200534
2200535
2200536
2200537
2200538
2200539
2200540
2200541
2200542
2200543
2200544
2200545
2200546
2200547
2200548
2200549
2200550
2200551
2200552
2200553
2200554
2200555
2200556
2200557
2200558
2200559
2200560
2200561
2200562
2200563
2200564
2200565
2200566
2200567
2200568
2200569
2200570
2200571
2200572
2200573
2200574
2200575
2200576
2200577
2200578
2200579
2200580
2200581
2200582
2200583
2200584
2200585
2200586
2200587
2200588
2200589
2200590
2200591
2200592
2200593
2200594
2200595
2200596
2200597
2200598
2200599
2200600
2200601
2200602
2200603
2200604
2200605
2200606
2200607
2200608
2200609
2200610
2200611
2200612
2200613
2200614
2200615
2200616
2200617
2200618
2200619
2200620
2200621
2200622
2200623
2200624
2200625
2200626
2200627
2200628
2200629
2200630
2200631
2200632
2200633
2200634
2200635
2200636
2200637
2200638
2200639
2200640
2200641
2200642
2200643
2200644
2200645
2200646
2200647
2200648
2200649
2200650
2200651
2200652
2200653
2200654
2200655
2200656
2200657
2200658
2200659
2200660
2200661
2200662
2200820
2200663
2200664
2200665
2200666
2200667
2200668
2200669
2200670
2200671
2200672
2200673
2200674
2200675
2200676
2200677
2200678
2200679
2200680
2200681
2200682
2200723
2200683
2200684
2200685
2200686
2200687
2200688
2200689
2200690
2200691
2200692
2200693
2200694
2200695
2200696
2200697
2200698
2200699
2200700
2200701
2200702
2200788
2200703
2200704
2200705
2200706
2200707
2200708
2200709
2200710
2200712
2200713
2200714
2200715
2200716
2200717
2200718
2200719
2200720
2200721
2200722
2200724
2200725
2200726
2200727
2200728
2200729
2200730
2200731
2200732
2200733
2200734
2200735
2200736
2200737
2200738
2200739
2200740
2200741
2200742
2200743
2200789
2200744
2200745
2200746
2200747
2200748
2200750
2200751
2200752
2200753
2200754
2200755
2200756
2200809
2200757
2200758
2200759
2200760
2200761
2200762
2200763
2200764
2200765
2200766
2200767
2200768
2200769
2200770
2200771
2200772
2200773
2200774
2200775
2200776
2200777
2200778
2200779
2200780
2200781
2200782
2200783
2200784
2200785
2200786
2200787
2200790
2200791
2200792
2200793
2200794
2200795
2200796
2200797
2200798
2200799
2200800
2200801
2200802
2200803
2200804
2200805
2200806
2200807
2200808
2200810
2200811
2200812
2200813
2200814
2200815
2200816
2200817
2200818
2200819
2200821
2200822
2200823
2200824
2200825
2200826
2200827
2200828
2200829
2200830
2200831
2200832
2200833
2200834
2200835
2200836
2200837
2200838
2200839
2200840
2200841
2200842
2200843
2200844
2200845
2200846
2200847
2200848
2200850
2200851
2200852
2200853
2200854
2200855
2200856
2200857
2200858
2200859
2200860
2200861
2200862
2200863
2200864
2200865
2200866
2200867
2200868
2200869
2200870
2200871
2200872
2200873
2200874
2200875
2200876
2200878
2200879
2200880
2200881
2200882
2200883
2200884
2200885
2200886
2200887
2200888
2200889
2200890
2200891
2200892
2200893
2200894
2200895
2200896
2200897
2200898
2200899
2200900
2200901
2200902
2200903
2200904
2200906
2200907
2200908
2200909
2200910
2200911
2200912
2200913
2200914
2200915
2200916
2200917
2200918
2200919
2200920
2200921
2200922
2200923
2200924
2200925
2200926
2200927
2201007
2200928
2200929
2200930
2200931
2200932
2200933
2200934
2200935
2200936
2200937
2200938
2200939
2200940
2200941
2200942
2200943
2200944
2200945
2200946
2200947
2200948
2200949
2200950
2200952
2200953
2200954
2200955
2200956
2200957
2200958
2200959
2200960
2200961
2200962
2200963
2200964
2200965
2200966
2200967
2200968
2200969
2200970
2200971
2200972
2200973
2200974
2200975
2200976
2200977
2200978
2200979
2200980
2200981
2200982
2200983
2200984
2200985
2200986
2200987
2200988
2200989
2200990
2200991
2200992
2200993
2200994
2200995
2200996
2200997
2200998
2200999
2201000
2201030
2201001
2201002
2201003
2201004
2201005
2201006
2201008
2201009
2201010
2201011
2201012
2201013
2201014
2201015
2201016
2201017
2201018
2201019
2201020
2201021
2201022
2201023
2201024
2201025
2201026
2201027
2201028
2201029
2201031
2201032
2201033
2201034
2201035
2201036
2201037
2201038
2201039
2201040
2201041
2201042
2201043
2201044
2201045
2201046
2201047
2201048
2201049
2201050
2201051
2201052
2201053
2201054
2201055
2201056
2201057
2201058
2201059
2201060
2201061
2201062
2201063
2201064
2201065
2201066
2201067
2201068
2201069
2201070
2201071
2201072
2201073
2201074
2201075
2201076
2201077
2201078
2201079
2201080
2201081
2201082
2201083
2201084
2201085
2201086
2201087
2201088
2201089
2201090
2201091
2201092
2201093
2201094
2201095
2201096
2201097
2201098
2201099
2201101
2201102
2201103
2201104
2201105
2201106
2201107
2201108
2201109
2201110
2201111
2201112
2201113
2201114
2201115
2201116
2201117
2201118
2201119
2201120
2201121
2201122
2201123
2201124
2201125
2201126
2201127
2201128
2201129
2201130
2201131
2201132
2201133
2201134
2201135
2201136
2201137
2201138
2201139
2201140
2201141
2201142
2201143
2201144
2201145
2201146
2201147
2201148
2201150
2201227
2201151
2201152
2201153
2201154
2201155
2201156
2201157
2201158
2201159
2201160
2201161
2201162
2201163
2201164
2201165
2201166
2201167
2201168
2201169
2201170
2201171
2201172
2201173
2201174
2201175
2201176
2201177
2201178
2201179
2201180
2201181
2201182
2201183
2201184
2201185
2201186
2201187
2201188
2201189
2201190
2201191
2201192
2201193
2201194
2201195
2201196
2201197
2201198
2201199
2201200
2201201
2201253
2201202
2201203
2201204
2201205
2201206
2201207
2201208
2201209
2201210
2201211
2201212
2201213
2201214
2201215
2201216
2201217
2201218
2201219
2201220
2201221
2201222
2201223
2201224
2201225
2201226
2201228
2201229
2201230
2201231
2201232
2201233
2201234
2201235
2201236
2201237
2201238
2201239
2201240
2201241
2201242
2201243
2201244
2201245
2201246
2201247
2201248
2201249
2201250
2201251
2201252
2201254
2201255
2201256
2201257
2201258
2201259
2201260
2201261
2201262
2201263
2201264
2201265
2201266
2201267
2201268
2201269
2201270
2201271
2201272
2201273
2201274
2201275
2201276
2201277
2201278
2201279
2201280
2199680
2199699
2199798
2199940
2199979
2200115
2200156
2200220
2200293
2200427
2200526
2200711
2200749
2200849
2200877
2200905
2200951
2201100
2199830